((2014, 12), 3.4830241827003467)
((2014, 11), 4.426540558294422)
((2014, 10), 3.344695229519207)
((2014, 9), 1.5633300630200626)
((2014, 8), 0.740400521225764)
((2014, 7), 3.3235768010844353)
((2014, 6), -0.27220691081456394)
((2014, 5), 1.915015553403249)
((2014, 4), 3.7275705472342437)
((2014, 3), 6.084907774499493)
((2014, 2), 7.511894485805177)
((2014, 1), 3.619112263775205)
((2013, 12), 6.538807825580763)
((2013, 11), 3.297252679506544)
((2013, 10), 2.575047135677564)
((2013, 9), 0.49721436054072576)
((2013, 8), 1.0684063863284052)
((2013, 7), 1.2379463025507107)
((2013, 6), 0.9909749073672547)
((2013, 5), 3.221745758681841)
((2013, 4), 1.0480553957190928)
((2013, 3), -1.986881081805492)
((2013, 2), 2.7384366935973845)
((2013, 1), 1.9907105042444133)
((2012, 12), -0.9181488378275118)
((2012, 11), 3.648767831021696)
((2012, 10), 0.3961183794243297)
((2012, 9), 0.97890429271194)
((2012, 8), 0.6106351253313367)
((2012, 7), 0.5684448362750523)
((2012, 6), -1.4656160017236548)
((2012, 5), 2.3145610079487042)
((2012, 4), 1.2580553957190919)
((2012, 3), 6.090978155731165)
((2012, 2), 1.994258458039838)
((2012, 1), 4.279566809229751)
((2011, 12), 5.395283522238788)
((2011, 11), 5.0543738916277565)
((2011, 10), 1.9555456694019053)
((2011, 9), 2.6932428270237345)
((2011, 8), 0.946118996299079)
((2011, 7), 1.7955709359817966)
((2011, 6), 1.5407767721691208)
((2011, 5), 1.8089891604413708)
((2011, 4), 5.556388729052426)
((2011, 3), 2.366784607344068)
((2011, 2), 0.8299831101438002)
((2011, 1), 3.010725167001012)
((2010, 12), -4.724747078296721)
((2010, 11), -0.6839594417055772)
((2010, 10), -0.3571376150555734)
((2010, 9), 0.30947905291905364)
((2010, 8), 1.1431131311964382)
((2010, 7), 3.186748844095188)
((2010, 6), 0.23781834171068894)
((2010, 5), 0.9848811448010988)
((2010, 4), 2.4123483250120215)
((2010, 3), 1.2168178700789438)
((2010, 2), -0.03531871765802741)
((2010, 1), -2.6743921350517743)
((2009, 12), 0.48346406539829445)
((2009, 11), 4.534222376476241)
((2009, 10), -1.1003194332373907)
((2009, 9), 2.022661890612758)
((2009, 8), 1.28526855641638)
((2009, 7), 0.9656589125213877)
((2009, 6), -0.8249341835418367)
((2009, 5), 1.8405195177781835)
((2009, 4), 4.417449335113032)
((2009, 3), 2.3664913522121034)
((2009, 2), 2.6235016286623196)
((2009, 1), 4.002294081957023)
((2008, 12), 3.7985667046944815)
((2008, 11), 2.25861631587018)
((2008, 10), 1.8024664905162764)
((2008, 9), 0.025494565184564166)
((2008, 8), 0.10271723676828692)
((2008, 7), 1.4149257746914756)
((2008, 6), 0.5955203619127065)
((2008, 5), 2.7122088574110723)
((2008, 4), 3.4300250926887896)
((2008, 3), 2.8220631997194348)
((2008, 2), 8.065104853024165)
((2008, 1), 7.525167982250278)
((2007, 12), 5.218508053668089)
((2007, 11), 1.3036163158701803)
((2007, 10), 0.5320771943285925)
((2007, 9), 0.5227023573923564)
((2007, 8), 1.2166468555366148)
((2007, 7), -0.10134988513256893)
((2007, 6), 1.5085506649430123)
((2007, 5), 2.0724349082419593)
((2007, 4), 4.162449335113033)
((2007, 3), 6.09244443139099)
((2007, 2), 2.9181444858051764)
((2007, 1), 6.354346867880777)
((2006, 12), 7.954871690031726)
((2006, 11), 4.339979952233816)
((2006, 10), 3.8766600389033705)
((2006, 9), 4.129087638777639)
((2006, 8), 2.6046233951260582)
((2006, 7), 4.236333399324906)
((2006, 6), 1.9303688467611941)
((2006, 5), 1.9812765504706977)
((2006, 4), 1.6591160017796982)
((2006, 3), -2.6622476507204476)
((2006, 2), 1.692982148142839)
((2006, 1), 1.8294201816637674)
((2005, 12), 2.8547250624657425)
((2005, 11), 3.5908890431429077)
((2005, 10), 2.04000314740777)
((2005, 9), 2.2469664266564244)
((2005, 8), 0.8113682631612509)
((2005, 7), 1.9301750415536425)
((2005, 6), -0.09023721384486727)
((2005, 5), 1.3196848267822006)
((2005, 4), 2.7794190320827292)
((2005, 3), -0.2703121668494801)
((2005, 2), 2.927560070220761)
((2005, 1), 6.6273673957400145)
((2004, 12), 4.88566347888803)
((2004, 11), 0.9228587401126046)
((2004, 10), 1.0097978688153946)
((2004, 9), 1.8040876387776397)
((2004, 8), 2.3704591722521577)
((2004, 7), -0.5880067766281734)
((2004, 6), -0.25963115323880537)
((2004, 5), 2.081716433168646)
((2004, 4), 2.8874493351130317)
((2004, 3), 3.2659048419481738)
((2004, 2), 4.379054696284353)
((2004, 1), 1.18924422858459)
((2003, 12), 4.495850603591284)
((2003, 11), 3.66770722496109)
((2003, 10), -1.7120496385159831)
((2003, 9), 1.8377377765186864)
((2003, 8), 1.4832157704926274)
((2003, 7), 2.7128729887677174)
((2003, 6), 1.0473385437308913)
((2003, 5), 1.9235052894736313)
((2003, 4), 1.0465402442039413)
((2003, 3), 4.240978155731165)
((2003, 2), 1.1855146156753058)
((2003, 1), 2.2134377769716864)
((2002, 12), -0.880318925804052)
((2002, 11), 0.37376783102169553)
((2002, 10), -2.080817966961731)
((2002, 9), 1.6087846084746076)
((2002, 8), 4.414594069612864)
((2002, 7), 1.864925774691475)
((2002, 6), 1.737540563932912)
((2002, 5), 3.078026306091422)
((2002, 4), 3.290479638143336)
((2002, 3), 4.329541205584537)
((2002, 2), 7.590709420870112)
((2002, 1), 5.802587337088988)
((2001, 12), 1.5055620614882255)
((2001, 11), 2.468738970992835)
((2001, 10), 3.873417940499982)
((2001, 9), 1.0992707195857196)
((2001, 8), 1.5222487804933778)
((2001, 7), 2.9153778763532543)
((2001, 6), 0.17291337095045556)
((2001, 5), 1.9199349082419577)
((2001, 4), 1.9626669524630023)
((2001, 3), 0.8521218507458277)
((2001, 2), 2.1474302000908914)
((2001, 1), 5.2241084235294295)
((2000, 12), 5.6882764078379715)
((2000, 11), 5.938361986865852)
((2000, 10), 4.504152707525073)
((2000, 9), 0.21997508466508542)
((2000, 8), 0.4827641183579452)
((2000, 7), -0.1088053329105989)
((2000, 6), -0.15384832495597855)
((2000, 5), 3.466229366471902)
((2000, 4), 3.465916701080399)
((2000, 3), 3.4284809754920493)
((2000, 2), 6.546862750299303)
((2000, 1), 5.941060154594063)
((1999, 12), 2.0685531698422372)
((1999, 11), 4.026809789063654)
((1999, 10), 1.8626514668302834)
((1999, 9), 4.318912813602813)
((1999, 8), 1.085342605789167)
((1999, 7), 2.635250120752147)
((1999, 6), 1.1226964211475892)
((1999, 5), 0.4839609628325299)
((1999, 4), 3.941109008772706)
((1999, 3), 3.4536819680478805)
((1999, 2), 3.6935565737172644)
((1999, 1), 3.9071891868521282)
((1998, 12), 2.479099075549433)
((1998, 11), -1.2392158519619876)
((1998, 10), 0.8318822360610527)
((1998, 9), 1.7182717879617897)
((1998, 8), -0.8507454295976071)
((1998, 7), -0.3868491707931483)
((1998, 6), -1.0131859317935863)
((1998, 5), 1.6426458263561017)
((1998, 4), 0.6025192651829618)
((1998, 3), 2.1312105040280294)
((1998, 2), 7.959215914376605)
((1998, 1), 5.56388893871317)
((1997, 12), 3.0560221524725097)
((1997, 11), 1.694245686499551)
((1997, 10), -0.7320708084130843)
((1997, 9), 2.186861531551532)
((1997, 8), 5.5260535778465645)
((1997, 7), 2.3326733496971137)
((1997, 6), 1.257326888719236)
((1997, 5), 0.19500314645535788)
((1997, 4), 0.7402115728752703)
((1997, 3), 4.255404052415127)
((1997, 2), 5.721578551739243)
((1997, 1), 3.3128963828819047)
((1996, 12), -0.3370299567086317)
((1996, 11), 3.092826272580137)
((1996, 10), 2.385719527801572)
((1996, 9), -0.7382392010492023)
((1996, 8), 3.137813592025932)
((1996, 7), -0.9541881758740871)
((1996, 6), 0.3364294528217968)
((1996, 5), -0.7377955065045843)
((1996, 4), 2.7314753091390065)
((1996, 3), 1.3161980970801386)
((1996, 2), -0.6075492744575488)
((1996, 1), 2.0659402207644524)
((1995, 12), -1.5519324040399214)
((1995, 11), -0.047848330594466165)
((1995, 10), 3.9983731376325995)
((1995, 9), 1.175867941807942)
((1995, 8), 3.099430335497516)
((1995, 7), 1.409254671601019)
((1995, 6), 0.972641574033922)
((1995, 5), 0.6336225915264162)
((1995, 4), 1.3380553957190928)
((1995, 3), 4.049775809690109)
((1995, 2), 7.171316313977005)
((1995, 1), 3.3083058121623012)
((1994, 12), 4.977012452495068)
((1994, 11), 3.08270722496109)
((1994, 10), 0.608624848287536)
((1994, 9), 1.7593906690806715)
((1994, 8), 2.4302832191729813)
((1994, 7), 5.237359792286785)
((1994, 6), -0.10266145626910905)
((1994, 5), 1.179517019678908)
((1994, 4), 3.7542675169312147)
((1994, 3), 3.2902450179012526)
((1994, 2), -0.8623749947143047)
((1994, 1), 4.557426046766407)
((1993, 12), 3.290648816131432)
((1993, 11), 0.8851314673853321)
((1993, 10), 0.6870705960881223)
((1993, 9), -1.4703063006163006)
((1993, 8), -0.9345261649912455)
((1993, 7), -0.11205369744928717)
((1993, 6), -0.31946586398260735)
((1993, 5), 4.614422526358609)
((1993, 4), 3.416843274506972)
((1993, 3), 3.9351807273530914)
((1993, 2), 5.630369760530451)
((1993, 1), 5.638206556579175)
((1992, 12), 4.205360448585)
((1992, 11), 2.346296968550833)
((1992, 10), -1.7318894760977566)
((1992, 9), 1.2755794802694798)
((1992, 8), 1.3483860840500377)
((1992, 7), 1.829035858156395)
((1992, 6), 3.1789935553859046)
((1992, 5), 4.533588754395806)
((1992, 4), 1.1952115728752695)
((1992, 3), 4.935428866310907)
((1992, 2), 6.747923758256863)
((1992, 1), 7.143665613651136)
((1991, 12), 4.910364584234296)
((1991, 11), 3.372579019832884)
((1991, 10), 1.6339914172024912)
((1991, 9), 1.7922461469361455)
((1991, 8), 2.382008912834152)
((1991, 7), 2.7077455355757536)
((1991, 6), -2.1590833676910197)
((1991, 5), 0.09760860551243233)
((1991, 4), 2.735596188259885)
((1991, 3), 4.793741521397756)
((1991, 2), 3.2647104198711103)
((1991, 1), 5.9284050677454285)
((1990, 12), 4.325128852224371)
((1990, 11), 1.9164251736790385)
((1990, 10), 2.0433462559121685)
((1990, 9), 0.20611794180794263)
((1990, 8), 2.3310163570028877)
((1990, 7), 0.6037380914070205)
((1990, 6), 1.649929452821798)
((1990, 5), 3.888886521145187)
((1990, 4), 4.447403880567576)
((1990, 3), 7.647649709983364)
((1990, 2), 10.529215914376605)
((1990, 1), 7.992499360549399)
((1989, 12), 2.231381953961344)
((1989, 11), 2.234540558294423)
((1989, 10), 2.6285075462347507)
((1989, 9), 2.4969512751412744)
((1989, 8), 0.7615002279706307)
((1989, 7), 2.3188993817295973)
((1989, 6), 1.6215961194884674)
((1989, 5), 3.761467166306474)
((1989, 4), 2.8417372139009105)
((1989, 3), 6.010069064822074)
((1989, 2), 9.290108771519462)
((1989, 1), 9.551370328291334)
((1988, 12), 1.9805755023484406)
((1988, 11), -0.6174779602240958)
((1988, 10), 0.41237851397668557)
((1988, 9), 2.8026179418079398)
((1988, 8), 0.9303711957125689)
((1988, 7), 1.591217930116695)
((1988, 6), 2.7485961194884645)
((1988, 5), 3.664047811467766)
((1988, 4), 1.1708386631762733)
((1988, 3), 0.4257142261123965)
((1988, 2), 5.5256064204222834)
((1988, 1), 6.57223543093063)
((1987, 12), 2.5855168513220477)
((1987, 11), 2.2963435885974532)
((1987, 10), 2.4914694230675947)
((1987, 9), 0.3809058205958191)
((1987, 8), -1.2109191268680775)
((1987, 7), 0.15997098485765449)
((1987, 6), -1.6167372138448677)
((1987, 5), 0.5107486912331609)
((1987, 4), 2.1944190320827293)
((1987, 3), -2.024271111131005)
((1987, 2), 2.3937397239004143)
((1987, 1), -5.059130649225772)
((1986, 12), 2.656337965691549)
((1986, 11), 5.139499056318138)
((1986, 10), 1.9313521210148075)
((1986, 9), -0.8581850884950875)
((1986, 8), -0.4593734279433459)
((1986, 7), 1.3869638978586245)
((1986, 6), 2.040368846761197)
((1986, 5), 3.7337692190924)
((1986, 4), -0.11482339215969484)
((1986, 3), 3.051415372473367)
((1986, 2), -2.6851022674415788)
((1986, 1), 1.1839350887996432)
((1985, 12), 0.016888775330717642)
((1985, 11), -0.03395944170557723)
((1985, 10), 2.968009012510411)
((1985, 9), -0.006063876373875843)
((1985, 8), 0.6758843921935043)
((1985, 7), 0.8277703494715354)
((1985, 6), 0.5307627861551314)
((1985, 5), 1.9113352014970904)
((1985, 4), -0.9647627860990888)
((1985, 3), 1.2334757119383986)
((1985, 2), -5.406011358350668)
((1985, 1), -2.2777645690693697)
((1984, 12), 4.814930341058118)
((1984, 11), 3.9227072249610897)
((1984, 10), 3.721234818962021)
((1984, 9), 0.25651188120188095)
((1984, 8), 2.3138609317829477)
((1984, 7), 0.9474770943395683)
((1984, 6), 0.602641574033921)
((1984, 5), 2.8503381340484104)
((1984, 4), 3.051070547234244)
((1984, 3), 0.9809830433166973)
((1984, 2), 3.9448854172874874)
((1984, 1), 3.222149898183807)
((1983, 12), 2.966247545359193)
((1983, 11), 1.5600683360722005)
((1983, 10), 2.2631580838691585)
((1983, 9), 2.0043401640301663)
((1983, 8), 3.26576709014072)
((1983, 7), 2.8966950806543323)
((1983, 6), 1.0344597558521027)
((1983, 5), 2.3235052894736317)
((1983, 4), 2.023903880567577)
((1983, 3), 3.4475763962003727)
((1983, 2), 2.253047083207774)
((1983, 1), 8.119156252044998)
((1982, 12), 4.199006587392429)
((1982, 11), 4.756495103748969)
((1982, 10), 2.5369239685221388)
((1982, 9), 2.341057335747333)
((1982, 8), 2.849403453777086)
((1982, 7), 2.959940437448072)
((1982, 6), -0.0258432744509296)
((1982, 5), 2.0405140871275886)
((1982, 4), 2.493964486628184)
((1982, 3), 4.32602214400096)
((1982, 2), 1.8080795507402412)
((1982, 1), -1.5073833373978145)
((1981, 12), -2.941315993252732)
((1981, 11), 1.4713738916277561)
((1981, 10), 1.2049591591379754)
((1981, 9), 2.1727240024140038)
((1981, 8), 0.7708990549501049)
((1981, 7), 1.0724477688263718)
((1981, 6), -0.21766145626911282)
((1981, 5), 3.631863060734629)
((1981, 4), 2.0604796381433355)
((1981, 3), 1.1713300618895226)
((1981, 2), 3.7851087715194622)
((1981, 1), 2.6851386567370814)
((1980, 12), 3.384930341058118)
((1980, 11), 0.04937389162775605)
((1980, 10), 0.22035505356612717)
((1980, 9), 2.3687846084746074)
((1980, 8), 0.6553565329559685)
((1980, 7), 1.5663187365683058)
((1980, 6), 1.9847627861551302)
((1980, 5), 0.7626548495909322)
((1980, 4), 2.3506311532948505)
((1980, 3), -0.7518126556080338)
((1980, 2), -0.8299055962966291)
((1980, 1), 1.6099187153881083)
((1979, 12), 2.093801308800054)
((1979, 11), 2.9634016694055343)
((1979, 10), 0.052270987094964916)
((1979, 9), 1.6304512751412759)
((1979, 8), 0.7238927010889125)
((1979, 7), -0.30962212364674535)
((1979, 6), 2.8447627861551332)
((1979, 5), 2.39523060716669)
((1979, 4), 1.1338013164650134)
((1979, 3), 1.7628482211496173)
((1979, 2), -0.895866503205812)
((1979, 1), -1.3688654037185914)
((1978, 12), -2.5937297085696738)
((1978, 11), 5.743091840345705)
((1978, 10), 2.3235695809742047)
((1978, 9), -0.08852308383308305)
((1978, 8), 0.9659625935620308)
((1978, 7), 0.381775725815622)
((1978, 6), 1.8025405639329115)
((1978, 5), 1.8692897469516367)
((1978, 4), 1.1093141369778339)
((1978, 3), 1.6447340772290218)
((1978, 2), 0.2831170132777041)
((1978, 1), 4.821084968489846)
((1977, 12), 3.687215287294677)
((1977, 11), 3.3803461138499786)
((1977, 10), 2.930618983184896)
((1977, 9), 0.05128460847461014)
((1977, 8), 0.6817607738763414)
((1977, 7), -0.5709641418436036)
((1977, 6), 1.7771986835910276)
((1977, 5), 1.9271371414925795)
((1977, 4), 0.302775675439372)
((1977, 3), 3.119175764573935)
((1977, 2), 0.9215785517392421)
((1977, 1), 3.303963380400515)
((1976, 12), 0.35837947257176594)
((1976, 11), 3.101809789063654)
((1976, 10), 0.8558276454903329)
((1976, 9), -0.006984622294623932)
((1976, 8), 2.5650113942237347)
((1976, 7), 2.416856370976909)
((1976, 6), 1.6407884271807731)
((1976, 5), 2.249345578217145)
((1976, 4), 1.8107243933880897)
((1976, 3), -0.18417411135658623)
((1976, 2), 4.012114739689224)
((1976, 1), 1.1107872017404654)
((1975, 12), 5.535550688452659)
((1975, 11), 2.9950149172687817)
((1975, 10), 2.4710881913960403)
((1975, 9), 3.508912813602814)
((1975, 8), 5.107939433925967)
((1975, 7), 3.081641317213471)
((1975, 6), 0.7906602220525674)
((1975, 5), 2.8876830471997756)
((1975, 4), 1.6035449062086036)
((1975, 3), 2.892748965566491)
((1975, 2), 5.57069550621334)
((1975, 1), 7.980310420457233)
((1974, 12), 5.074100847970561)
((1974, 11), 3.474731034484899)
((1974, 10), -0.1707320851016556)
((1974, 9), 2.5658084179984186)
((1974, 8), 1.4373527625328464)
((1974, 7), 0.05514362136093354)
((1974, 6), 0.7865485004408495)
((1974, 5), 1.4351307607765236)
((1974, 4), 3.400641975805673)
((1974, 3), 3.520806392011014)
((1974, 2), 6.994419996009258)
((1974, 1), 6.750356503406541)
((1973, 12), 1.7352759631779335)
((1973, 11), -0.36514991789605344)
((1973, 10), -0.7767228685117935)
((1973, 9), 0.7178322275222282)
((1973, 8), 1.7781361726710934)
((1973, 7), 3.7466182757388182)
((1973, 6), 2.9545246909170366)
((1973, 5), 2.3147390557073937)
((1973, 4), 1.4023086424723399)
((1973, 3), 5.996612843623918)
((1973, 2), 5.85054244498885)
((1973, 1), 6.315448669305159)
((1972, 12), 7.084469511565031)
((1972, 11), 3.800088177342041)
((1972, 10), 1.606687269737054)
((1972, 9), 0.18032307001307046)
((1972, 8), 1.3769220641989222)
((1972, 7), 3.4955370988511874)
((1972, 6), 2.2493781707705196)
((1972, 5), 1.7065416079938203)
((1972, 4), 1.9576474703111675)
((1972, 3), 3.108009511472198)
((1972, 2), 4.900841530140152)
((1972, 1), 1.2487524622863715)
((1971, 12), 5.6710345594204)
((1971, 11), 1.5041174813713458)
((1971, 10), 2.469351218691325)
((1971, 9), 0.7264234973634984)
((1971, 8), 1.4266739252411043)
((1971, 7), 2.128043302325132)
((1971, 6), 0.6495063758987225)
((1971, 5), 3.5411569926092046)
((1971, 4), 1.2250833677470654)
((1971, 3), 0.24870430055408388)
((1971, 2), 5.205507123167814)
((1971, 1), 4.803963380400515)
((1970, 12), 3.2194216561945943)
((1970, 11), 0.7869379941918587)
((1970, 10), 1.5544628812223422)
((1970, 9), 1.1190410187310196)
((1970, 8), 1.539080873131926)
((1970, 7), 0.11265868694051484)
((1970, 6), 3.9827115041038503)
((1970, 5), 1.7323480596067213)
((1970, 4), -0.3055576578939605)
((1970, 3), 0.7318308514225702)
((1970, 2), -4.767295074634383)
((1970, 1), -1.6871036171180949)
((1969, 12), -1.8579460030279034)
((1969, 11), 1.3640961138499785)
((1969, 10), 2.63090001935303)
((1969, 9), 2.525194864884865)
((1969, 8), 3.481636704397431)
((1969, 7), 3.1699787861961006)
((1969, 6), 3.6557884271807737)
((1969, 5), 1.1244076129566007)
((1969, 4), 1.7305961882598853)
((1969, 3), -2.4292113322002584)
((1969, 2), -0.1696302394695488)
((1969, 1), 3.1238144970258257)
((1968, 12), 2.3406375370878947)
((1968, 11), 1.1709123531662178)
((1968, 10), 0.5403189606268102)
((1968, 9), 2.510835890525888)
((1968, 8), 2.8879642478217527)
((1968, 7), 0.8282914412829463)
((1968, 6), 3.723651675044021)
((1968, 5), 0.3355531878118523)
((1968, 4), 4.428459436123133)
((1968, 3), 4.005042183101644)
((1968, 2), 1.6392035991056693)
((1968, 1), -0.011317843751677437)
((1967, 12), -0.39114492775908527)
((1967, 11), 4.229651669405534)
((1967, 10), 3.9986419548369003)
((1967, 9), 2.363923497363496)
((1967, 8), 1.980075496787837)
((1967, 7), 1.9204854032349772)
((1967, 6), 0.8850405639329093)
((1967, 5), 1.3686177039408847)
((1967, 4), 2.1526261027897995)
((1967, 3), 6.14146691428444)
((1967, 2), 5.033025438186129)
((1967, 1), 1.0541391454956344)
((1966, 12), 2.7686772393211454)
((1966, 11), 2.0750149172687817)
((1966, 10), 1.264388439534998)
((1966, 9), 1.0616051212951216)
((1966, 8), 0.6272942726356465)
((1966, 7), 1.9449167514566454)
((1966, 6), 3.527839709232051)
((1966, 5), 2.320437389631536)
((1966, 4), -1.1905576578939607)
((1966, 3), 2.0846120755747624)
((1966, 2), -3.2394104592497683)
((1966, 1), -1.029783517862512)
((1965, 12), -1.1592383934331982)
((1965, 11), -1.5420363647825002)
((1965, 10), 2.9725770251429378)
((1965, 9), 2.5069897366797385)
((1965, 8), 0.3356069277224929)
((1965, 7), -0.7362246877493135)
((1965, 6), 1.7220704784628253)
((1965, 5), 0.7297426005496508)
((1965, 4), 2.277487213900911)
((1965, 3), 1.0092088497683105)
((1965, 2), 1.9538587715194624)
((1965, 1), 4.414354199259075)
((1964, 12), 2.8658443195527417)
((1964, 11), 2.969790558294423)
((1964, 10), 1.552943030105717)
((1964, 9), 1.344756830696829)
((1964, 8), 0.6694572172179463)
((1964, 7), 0.8204854032349758)
((1964, 6), 1.3501794528218003)
((1964, 5), 4.054773617919377)
((1964, 4), 3.709292769456466)
((1964, 3), 0.9482080226384513)
((1964, 2), 2.1049529359756955)
((1964, 1), 4.972946010673468)
((1963, 12), 1.8299675619017906)
((1963, 11), 3.136296968550833)
((1963, 10), 2.318854940775691)
((1963, 9), 2.538912813602815)
((1963, 8), 1.4209667292113295)
((1963, 7), 1.7924353618784785)
((1963, 6), 2.0898909912833368)
((1963, 5), 3.785449796579428)
((1963, 4), 1.3181419758056734)
((1963, 3), -1.1114516725051153)
((1963, 2), -1.5421871468478852)
((1963, 1), -3.0392748329989887)
((1962, 12), -0.07993141009395588)
((1962, 11), 1.4147310344848991)
((1962, 10), 2.8197057029167762)
((1962, 9), 0.3725941322841315)
((1962, 8), -0.573476730554713)
((1962, 7), -0.44716052610450063)
((1962, 6), 0.5696437385360866)
((1962, 5), 0.15990034602997838)
((1962, 4), 2.417903880567577)
((1962, 3), -2.6028634864975744)
((1962, 2), 4.172540090200782)
((1962, 1), 5.019099856827314)
((1961, 12), 0.4142107380804507)
((1961, 11), 3.262194404448269)
((1961, 10), 5.579028638046163)
((1961, 9), 2.78929742898743)
((1961, 8), 0.46600395005499884)
((1961, 7), 0.7255619127469686)
((1961, 6), 2.751301247693597)
((1961, 5), 1.6643579851650347)
((1961, 4), 3.6790577267214237)
((1961, 3), 6.512848221149618)
((1961, 2), 7.269243386904078)
((1961, 1), 3.319099856827314)
((1960, 12), 4.595898082993601)
((1960, 11), 3.116373891627756)
((1960, 10), 0.44624948171862044)
((1960, 9), 1.5464512751412727)
((1960, 8), 0.44262926022869564)
((1960, 7), -0.038358682786530096)
((1960, 6), 1.8377627861551336)
((1960, 5), 2.0838865211451854)
((1960, 4), 1.1515705472342441)
((1960, 3), 1.6307142261123966)
((1960, 2), 0.6198070473815305)
((1960, 1), 1.8360477476461723)
((1959, 12), 4.071704534606505)
((1959, 11), 4.143040558294423)
((1959, 10), 2.16883012687991)
((1959, 9), 1.8631179418079409)
((1959, 8), 3.4997260344222454)
((1959, 7), 3.0307615518175766)
((1959, 6), 0.8620961194884647)
((1959, 5), 1.7919510372742167)
((1959, 4), 2.805903880567577)
((1959, 3), 4.335875516434977)
((1959, 2), 4.477073057233748)
((1959, 1), 1.9860477476461722)
((1958, 12), 2.582672276541989)
((1958, 11), 4.367373891627756)
((1958, 10), 3.0568946430089436)
((1958, 9), 2.4231179418079414)
((1958, 8), 0.13585506668030867)
((1958, 7), 0.5900284139876604)
((1958, 6), -0.1642372138448671)
((1958, 5), 0.7516284566290565)
((1958, 4), -0.48709611943242237)
((1958, 3), -2.9850922255005066)
((1958, 2), -1.0093555141948247)
((1958, 1), 2.157338070226818)
((1957, 12), 3.0900916313806985)
((1957, 11), 2.6860405582944225)
((1957, 10), 2.3252817397831373)
((1957, 9), -0.6405487248587214)
((1957, 8), 0.9071453892609576)
((1957, 7), 1.8184155107618558)
((1957, 6), 0.016096119488464566)
((1957, 5), 0.17711232759679874)
((1957, 4), 1.2722372139009108)
((1957, 3), 0.9974884196607838)
((1957, 2), 4.93600162866232)
((1957, 1), 6.025725167001012)
((1956, 12), 4.487510986219409)
((1956, 11), -0.9159594417055773)
((1956, 10), 1.1043139978476528)
((1956, 9), 1.1454512751412764)
((1956, 8), -1.0641449333196924)
((1956, 7), 0.8690606720521785)
((1956, 6), 0.16909611948846504)
((1956, 5), 2.4719510372742164)
((1956, 4), -1.011429452765756)
((1956, 3), 1.0858755164349772)
((1956, 2), -3.331917090549503)
((1956, 1), 2.3163703282913337)
((1955, 12), 1.0920271152516658)
((1955, 11), 2.8223738916277563)
((1955, 10), 1.3172172236541053)
((1955, 9), 3.417117941807941)
((1955, 8), 3.9945647440996623)
((1955, 7), 3.5716413172134693)
((1955, 6), -0.7979038805115337)
((1955, 5), -1.0154683175644923)
((1955, 4), -0.754429452765756)
((1955, 3), -1.039285773887603)
((1955, 2), 0.29600162866231905)
((1955, 1), 3.3041122637752043)
((1954, 12), 5.1997690507355365)
((1954, 11), 1.6127072249610896)
((1954, 10), 1.3401204494605556)
((1954, 9), 1.364117941807942)
((1954, 8), 0.5548873247448274)
((1954, 7), -0.2090038440768538)
((1954, 6), 0.35842945282179883)
((1954, 5), 2.532596198564539)
((1954, 4), 0.456237213900911)
((1954, 3), 2.0558755164349773)
((1954, 2), -0.8079269427662528)
((1954, 1), 1.3602412960332693)
((1953, 12), 5.264930341058118)
((1953, 11), 3.988040558294422)
((1953, 10), 3.892701094621845)
((1953, 9), 1.3007846084746095)
((1953, 8), 1.0013389376480504)
((1953, 7), 1.9008527867475173)
((1953, 6), 2.897096119488463)
((1953, 5), 1.826789746951638)
((1953, 4), 3.409570547234244)
((1953, 3), 5.6478110003059445)
((1953, 2), 2.213144485805177)
((1953, 1), 3.90540258635585)
((1952, 12), 2.4433174378323117)
((1952, 11), 0.0033738916277560177)
((1952, 10), -0.2120569698942827)
((1952, 9), -1.0985487248587251)
((1952, 8), 0.13972603442224596)
((1952, 7), 0.2126090591489529)
((1952, 6), -1.0452372138448673)
((1952, 5), -0.24998444659675023)
((1952, 4), 3.260903880567578)
((1952, 3), -1.4386406125972804)
((1952, 2), 3.841186357726359)
((1952, 1), 4.114757425065527)
((1951, 12), 6.037188405574247)
((1951, 11), 4.030040558294423)
((1951, 10), 2.4704430301057183)
((1951, 9), 2.6164512751412765)
((1951, 8), 2.0845647440996657)
((1951, 7), 0.5103509946328231)
((1951, 6), 0.39909611948846546)
((1951, 5), -0.2825650917580411)
((1951, 4), 1.6232372139009108)
((1951, 3), -1.4854148061456685)
((1951, 2), 4.698144485805177)
((1951, 1), 2.88282194119456)
((1950, 12), 1.5865432442839245)
((1950, 11), 1.8852072249610892)
((1950, 10), 1.3622172236541044)
((1950, 9), 1.8454512751412722)
((1950, 8), 1.624564744099665)
((1950, 7), -0.259487715044596)
((1950, 6), 1.3189294528217985)
((1950, 5), 2.630176843725831)
((1950, 4), 3.262070547234244)
((1950, 3), 4.0903916454672355)
((1950, 2), 4.439573057233748)
((1950, 1), 0.6816929089364949)
