((2016, 7), 0.0)
((2016, 6), 47.66)
((2016, 5), 29.25)
((2016, 4), 26.9)
((2016, 3), 19.96)
((2016, 2), 21.56)
((2016, 1), 22.33)
((2015, 12), 28.93)
((2015, 11), 63.89)
((2015, 10), 2.26)
((2015, 9), 101.3)
((2015, 8), 26.99)
((2015, 7), 119.1)
((2015, 6), 78.66)
((2015, 5), 93.22)
((2015, 4), 15.34)
((2015, 3), 42.61)
((2015, 2), 24.82)
((2015, 1), 59.11)
((2014, 12), 35.46)
((2014, 11), 52.43)
((2014, 10), 72.14)
((2014, 9), 48.45)
((2014, 8), 90.81)
((2014, 7), 22.99)
((2014, 6), 75.14)
((2014, 5), 58.0)
((2014, 4), 31.76)
((2014, 3), 36.56)
((2014, 2), 43.71)
((2014, 1), 62.58)
((2013, 12), 42.26)
((2013, 11), 46.38)
((2013, 10), 53.88)
((2013, 9), 26.19)
((2013, 8), 54.08)
((2013, 7), 54.56)
((2013, 6), 61.32)
((2013, 5), 47.93)
((2013, 4), 38.29)
((2013, 3), 7.39)
((2013, 2), 25.53)
((2013, 1), 21.53)
((2012, 12), 66.93)
((2012, 11), 68.65)
((2012, 10), 65.58)
((2012, 9), 72.75)
((2012, 8), 68.82)
((2012, 7), 59.07)
((2012, 6), 132.2)
((2012, 5), 22.97)
((2012, 4), 62.78)
((2012, 3), 8.55)
((2012, 2), 28.67)
((2012, 1), 43.55)
((2011, 12), 42.13)
((2011, 11), 13.47)
((2011, 10), 43.75)
((2011, 9), 52.57)
((2011, 8), 86.27)
((2011, 7), 94.92)
((2011, 6), 88.35)
((2011, 5), 37.85)
((2011, 4), 14.92)
((2011, 3), 19.83)
((2011, 2), 24.52)
((2011, 1), 35.13)
((2010, 12), 37.18)
((2010, 11), 93.55)
((2010, 10), 52.53)
((2010, 9), 43.08)
((2010, 8), 108.05)
((2010, 7), 92.4)
((2010, 6), 48.65)
((2010, 5), 67.17)
((2010, 4), 23.78)
((2010, 3), 23.88)
((2010, 2), 52.75)
((2010, 1), 35.98)
((2009, 12), 53.45)
((2009, 11), 64.22)
((2009, 10), 56.83)
((2009, 9), 29.95)
((2009, 8), 61.57)
((2009, 7), 113.17)
((2009, 6), 49.77)
((2009, 5), 54.17)
((2009, 4), 2.8)
((2009, 3), 34.48)
((2009, 2), 24.78)
((2009, 1), 15.88)
((2008, 12), 43.48)
((2008, 11), 46.75)
((2008, 10), 59.57)
((2008, 9), 47.37)
((2008, 8), 138.52)
((2008, 7), 85.2)
((2008, 6), 42.93)
((2008, 5), 23.13)
((2008, 4), 20.25)
((2008, 3), 42.2)
((2008, 2), 28.25)
((2008, 1), 44.97)
((2007, 12), 54.7)
((2007, 11), 50.68)
((2007, 10), 28.12)
((2007, 9), 61.87)
((2007, 8), 54.17)
((2007, 7), 95.97)
((2007, 6), 108.95)
((2007, 5), 40.52)
((2007, 4), 21.25)
((2007, 3), 40.52)
((2007, 2), 33.07)
((2007, 1), 68.63)
((2006, 12), 29.73)
((2006, 11), 71.72)
((2006, 10), 118.17)
((2006, 9), 19.27)
((2006, 8), 148.08)
((2006, 7), 28.98)
((2006, 6), 31.13)
((2006, 5), 52.33)
((2006, 4), 44.37)
((2006, 3), 27.87)
((2006, 2), 34.75)
((2006, 1), 17.68)
((2005, 12), 56.63)
((2005, 11), 32.6)
((2005, 10), 38.05)
((2005, 9), 13.95)
((2005, 8), 76.97)
((2005, 7), 104.35)
((2005, 6), 67.97)
((2005, 5), 55.38)
((2005, 4), 11.65)
((2005, 3), 23.47)
((2005, 2), 33.5)
((2005, 1), 18.05)
((2004, 12), 24.25)
((2004, 11), 54.13)
((2004, 10), 78.18)
((2004, 9), 37.2)
((2004, 8), 75.48)
((2004, 7), 96.0)
((2004, 6), 56.85)
((2004, 5), 39.7)
((2004, 4), 20.62)
((2004, 3), 28.48)
((2004, 2), 27.35)
((2004, 1), 26.4)
((2003, 12), 52.12)
((2003, 11), 54.45)
((2003, 10), 45.58)
((2003, 9), 8.88)
((2003, 8), 55.28)
((2003, 7), 113.47)
((2003, 6), 66.67)
((2003, 5), 68.45)
((2003, 4), 51.42)
((2003, 3), 6.9)
((2003, 2), 9.12)
((2003, 1), 17.72)
((2002, 12), 20.92)
((2002, 11), 53.68)
((2002, 10), 60.5)
((2002, 9), 16.07)
((2002, 8), 8.25)
((2002, 7), 80.52)
((2002, 6), 98.78)
((2002, 5), 72.13)
((2002, 4), 29.92)
((2002, 3), 26.93)
((2002, 2), 47.58)
((2002, 1), 55.0)
((2001, 12), 35.18)
((2001, 11), 26.38)
((2001, 10), 60.48)
((2001, 9), 110.63)
((2001, 8), 69.97)
((2001, 7), 40.28)
((2001, 6), 26.77)
((2001, 5), 33.98)
((2001, 4), 46.07)
((2001, 3), 30.27)
((2001, 2), 36.77)
((2001, 1), 36.42)
((2000, 12), 63.27)
((2000, 11), 108.12)
((2000, 10), 110.3)
((2000, 9), 27.52)
((2000, 8), 54.85)
((2000, 7), 135.87)
((2000, 6), 62.02)
((2000, 5), 25.32)
((2000, 4), 36.17)
((2000, 3), 21.68)
((2000, 2), 24.05)
((2000, 1), 18.62)
((1999, 12), 66.0)
((1999, 11), 18.45)
((1999, 10), 18.55)
((1999, 9), 55.52)
((1999, 8), 54.8)
((1999, 7), 29.08)
((1999, 6), 50.25)
((1999, 5), 27.38)
((1999, 4), 54.55)
((1999, 3), 42.23)
((1999, 2), 25.15)
((1999, 1), 61.93)
((1998, 12), 59.38)
((1998, 11), 28.97)
((1998, 10), 53.42)
((1998, 9), 56.83)
((1998, 8), 86.47)
((1998, 7), 85.17)
((1998, 6), 88.88)
((1998, 5), 38.37)
((1998, 4), 44.42)
((1998, 3), 33.9)
((1998, 2), 50.03)
((1998, 1), 44.32)
((1997, 12), 69.6)
((1997, 11), 64.45)
((1997, 10), 58.15)
((1997, 9), 43.57)
((1997, 8), 24.62)
((1997, 7), 41.97)
((1997, 6), 86.98)
((1997, 5), 60.8)
((1997, 4), 25.95)
((1997, 3), 9.55)
((1997, 2), 35.43)
((1997, 1), 5.78)
((1996, 12), 39.55)
((1996, 11), 67.12)
((1996, 10), 22.45)
((1996, 9), 57.47)
((1996, 8), 37.72)
((1996, 7), 84.03)
((1996, 6), 51.67)
((1996, 5), 63.23)
((1996, 4), 8.1)
((1996, 3), 10.03)
((1996, 2), 15.73)
((1996, 1), 10.42)
((1995, 12), 5.12)
((1995, 11), 31.6)
((1995, 10), 20.87)
((1995, 9), 134.55)
((1995, 8), 16.05)
((1995, 7), 43.6)
((1995, 6), 97.2)
((1995, 5), 26.0)
((1995, 4), 61.7)
((1995, 3), 34.4)
((1995, 2), 31.8)
((1995, 1), 26.0)
((1994, 12), 50.9)
((1994, 11), 15.7)
((1994, 10), 33.2)
((1994, 9), 94.6)
((1994, 8), 58.8)
((1994, 7), 0.0)
((1994, 6), 45.1)
((1994, 5), 25.1)
((1994, 4), 23.1)
((1994, 3), 37.6)
((1994, 2), 22.5)
((1994, 1), 22.1)
((1993, 12), 37.1)
((1993, 11), 42.8)
((1993, 10), 43.2)
((1993, 9), 40.6)
((1993, 8), 80.7)
((1993, 7), 95.4)
((1993, 6), 56.5)
((1993, 5), 21.1)
((1993, 4), 0.0)
