(1975, 36.1, -37.0, 157860)
(1992, 35.4, -36.1, 179960)
(1994, 34.7, -40.5, 179960)
(2010, 34.4, -41.7, 191910)
(2014, 34.4, -42.5, 192840)
(1989, 33.9, -38.2, 166870)
(1982, 33.8, -42.2, 113410)
(1968, 33.7, -42.0, 179950)
(1966, 33.5, -49.4, 179950)
(2002, 33.3, -42.2, 169860)
(1983, 33.3, -38.2, 191900)
(1986, 33.2, -44.2, 167860)
(1970, 33.2, -39.6, 179950)
(2000, 33.0, -37.6, 169860)
(1956, 33.0, -45.0, 160790)
(1959, 32.8, -43.6, 159970)
(2006, 32.7, -40.6, 169860)
(1991, 32.7, -39.3, 179960)
(1988, 32.6, -39.9, 170790)
(2011, 32.5, -42.0, 179960)
(1999, 32.4, -49.0, 192830)
(1953, 32.2, -38.4, 183760)
(2003, 32.2, -41.5, 179960)
(1955, 32.2, -41.2, 160790)
(1973, 32.2, -39.3, 166870)
(2007, 32.2, -40.7, 169860)
(2008, 32.2, -39.3, 179960)
(2005, 32.1, -39.4, 155790)
(1969, 32.0, -41.5, 181900)
(1979, 32.0, -44.0, 112170)
(2001, 31.9, -44.0, 112530)
(1977, 31.8, -42.5, 179950)
(1997, 31.8, -40.2, 179960)
(2013, 31.6, -40.7, 179960)
(2009, 31.5, -38.5, 179960)
(2012, 31.3, -42.7, 191910)
(1971, 31.2, -44.3, 166870)
(1972, 31.2, -37.5, 167860)
(1964, 31.2, -39.5, 166810)
(1976, 31.1, -42.2, 192830)
(1961, 31.0, -39.5, 181900)
(1963, 31.0, -41.0, 181900)
(1958, 30.8, -43.0, 159970)
(1978, 30.8, -47.7, 155940)
(1995, 30.8, -37.6, 182910)
(1996, 30.8, -41.7, 155790)
(1974, 30.6, -35.6, 166870)
(1954, 30.5, -36.0, 113410)
(1952, 30.4, -35.5, 192830)
(1980, 30.4, -45.0, 191900)
(2004, 30.2, -39.7, 166940)
(1990, 30.2, -35.0, 147270)
(1985, 29.8, -43.4, 166870)
(1957, 29.8, -37.8, 159970)
(1993, 29.7, -39.0, 191900)
(1981, 29.7, -44.0, 166870)
(1987, 29.6, -47.3, 123480)
(1984, 29.5, -39.2, 123480)
(1967, 29.5, -45.4, 166870)
(1960, 29.4, -40.0, 167710)
(1950, 29.4, -42.0, 155910)
(1998, 29.2, -42.7, 169860)
(1965, 28.5, -44.0, 189780)
(1951, 28.5, -42.0, 155910)
(1962, 27.4, -42.0, 181900)
